      -0.1    -83.59      0.83      -0.1    -82.36      0.82
     -0.06     -17.0    -82.03     -0.05     -17.0    -80.61
      0.83     -0.09    -83.17      0.83     -0.11    -81.94
    -82.97     -0.05     -17.0    -81.56     -0.05     -17.0
    -83.98      0.82      -0.1    -82.75      0.83     -0.11
     -17.0    -82.48     -0.05     -17.0    -81.07     -0.05
     -0.09    -83.56      0.83     -0.11    -82.33      0.83
     -0.05     -17.0     -82.0     -0.05     -17.0    -80.58
      0.78     -0.11    -83.14      0.84      -0.1    -81.92
    -82.94     -0.05     -17.0    -81.53     -0.05     -17.0
    -83.95      0.83      -0.1    -82.73      0.83      -0.1
     -17.0    -82.46     -0.05     -17.0    -81.04     -0.05
     -0.11    -83.54      0.83      -0.1    -82.31      0.82
     -0.05     -17.0    -81.98     -0.05     -17.0    -80.55
      0.83      -0.1    -83.12      0.82     -0.11    -81.89
    -82.91     -0.05     -17.0     -81.5     -0.05     -17.0
    -83.93      0.84     -0.11     -82.7      0.83     -0.11
     -17.0    -82.43     -0.05     -17.0    -81.01     -0.05
      -0.1    -83.52      0.83     -0.11    -82.28      0.83
     -0.05     -17.0    -81.94     -0.05     -17.0    -80.52
      0.83      -0.1     -83.1      0.83      -0.1    -81.87
    -82.89     -0.05     -17.0    -81.47     -0.05     -17.0
    -83.91      0.83      -0.1    -82.68      0.82      -0.1
     -17.0     -82.4     -0.05     -17.0    -80.98     -0.05
     -0.11    -83.49      0.83      -0.1    -82.26      0.83
     -0.05     -17.0    -81.92     -0.05     -17.0    -80.49
      0.83      -0.1    -83.07      0.83      -0.1    -81.84
    -82.86     -0.05     -17.0    -81.44     -0.05     -17.0
    -83.88      0.84      -0.1    -82.65      0.83      -0.1
     -17.0    -82.37     -0.05     -17.0    -80.95     -0.05
     -0.11    -83.47      0.83      -0.1    -82.23      0.82
     -0.05     -17.0    -81.89     -0.05     -17.0    -80.47
      0.82      -0.1    -83.05      0.83      -0.1    -81.82
    -82.83     -0.05     -17.0    -81.42     -0.05     -17.0
    -83.86      0.83     -0.11    -82.63      0.82     -0.11
     -17.0    -82.34     -0.05     -17.0    -80.92     -0.05
     -0.11    -83.44      0.83      -0.1    -82.21      0.83
     -0.05     -17.0    -81.87     -0.05     -17.0    -80.44
      0.83      -0.1    -83.02      0.82     -0.11    -81.79
     -82.8     -0.05     -17.0    -81.38     -0.05     -17.0
    -83.84      0.83      -0.1     -82.6      0.83      -0.1
     -17.0    -82.32     -0.05     -17.0     -80.9     -0.05
     -0.11    -83.42      0.82      -0.1    -82.18      0.83
     -0.05     -17.0    -81.84     -0.05     -17.0    -80.41
      0.83     -0.11     -83.0      0.82      -0.1    -81.77
    -82.77     -0.05     -17.0    -81.36     -0.05     -17.0
    -83.81      0.83      -0.1    -82.58      0.83      -0.1
     -17.0    -82.29     -0.05     -17.0    -80.87     -0.05
      -0.1    -83.39      0.83      -0.1    -82.16      0.83
     -0.05     -17.0    -81.81     -0.05     -17.0    -80.38
      0.83      -0.1    -82.97      0.82     -0.11    -81.74
    -82.74     -0.05     -17.0    -81.33     -0.05     -17.0
    -83.79      0.83      -0.1    -82.55      0.83      -0.1
     -17.0    -82.26     -0.05     -17.0    -80.84     -0.05
      -0.1    -83.37      0.83     -0.11    -82.13      0.83
     -0.05     -17.0    -81.78     -0.05     -17.0    -80.35
      0.83      -0.1    -82.95      0.82      -0.1    -81.72
    -82.71     -0.05     -17.0     -81.3     -0.05     -17.0
    -83.76      0.83      -0.1    -82.53      0.83      -0.1
     -17.0    -82.23     -0.05     -17.0    -80.81     -0.05
     -0.11    -83.34      0.83     -0.11    -82.11      0.83
     -0.05     -17.0    -81.75     -0.05     -17.0    -80.32
      0.83      -0.1    -82.92      0.84     -0.11     -81.7
    -82.68     -0.05     -17.0    -81.27     -0.05     -17.0
    -83.74      0.83      -0.1     -82.5      0.82      -0.1
     -17.0     -82.2     -0.05     -17.0    -80.78     -0.05
      -0.1    -83.32      0.84      -0.1    -82.08      0.84
     -0.05     -17.0    -81.73     -0.05     -17.0     -80.3
      0.83     -0.11     -82.9      0.83      -0.1    -81.67
    -82.66     -0.05     -17.0    -81.24     -0.05     -17.0
    -83.71      0.82      -0.1    -82.48      0.83      -0.1
     -17.0    -82.17     -0.05     -17.0    -80.76     -0.05
     -0.11    -83.29      0.83      -0.1    -82.06      0.82
     -0.05     -17.0     -81.7     -0.05     -17.0    -80.27
      0.83      -0.1    -82.88      0.83     -0.11    -81.65
    -82.63     -0.05     -17.0    -81.21     -0.05     -17.0
    -83.69      0.83     -0.11    -82.46      0.83      -0.1
     -17.0    -82.14     -0.05     -17.0    -80.73     -0.05
     -0.11    -83.27      0.84     -0.11    -82.04      0.83
     -0.05     -17.0    -81.67     -0.05     -17.0    -80.24
      0.83      -0.1    -82.85      0.84      -0.1    -81.62
     -82.6     -0.05     -17.0    -81.18     -0.05     -17.0
    -83.66      0.84      -0.1    -82.43      0.84     -0.11
     -17.0    -82.11     -0.05     -17.0     -80.7     -0.05
      -0.1    -83.24      0.83     -0.11    -82.01      0.83
     -0.05     -17.0    -81.64     -0.05     -17.0    -80.21
      0.83     -0.11    -82.82      0.83      -0.1     -81.6
    -82.57     -0.05     -17.0    -81.15     -0.05     -17.0
    -83.64      0.83     -0.11    -82.41      0.83      -0.1
     -17.0    -82.09     -0.05     -17.0    -80.67     -0.05
     -0.11    -83.22      0.83      -0.1    -81.99      0.83
     -0.05     -17.0    -81.61     -0.05     -17.0    -80.19
      0.83      -0.1     -82.8      0.83     -0.11    -81.57
    -82.54     -0.05     -17.0    -81.13     -0.05     -17.0
    -83.62      0.82      -0.1    -82.38      0.84      -0.1
     -17.0    -82.06     -0.05     -17.0    -80.64     -0.05
     -0.11    -83.19      0.82     -0.11    -81.97      0.83
     -0.05     -17.0    -81.58     -0.05     -17.0    -80.16
      0.83     -0.11    -82.78      0.82      -0.1    -81.55
    -82.51     -0.05     -17.0     -81.1     -0.05     -17.0
